    3.70    3.28    4.91    3.18    4.65    3.36    5.03
    5.33    4.85    4.13    4.81    3.64    5.47    3.72
    5.41    4.62    5.26    3.64    4.48    5.22    5.05
    4.86    4.93    5.61    4.62    4.05    4.63    4.38
    5.57    5.10    3.43    4.62    3.61    5.28    4.71
    3.63    4.44    3.15    4.34    4.03    5.47    5.03
    4.50    3.52    3.13    3.42    5.41    4.57    4.86
    4.94    4.54    5.13    4.72    4.85    5.24    3.95
    3.43    4.66    3.80    4.10    4.09    4.88    3.88
    5.68    3.69    3.44    4.75    5.67    4.15    5.65
    5.01    3.99    4.51    3.51    5.62    3.85    4.65
    3.46    4.11    3.28    3.18    3.89    3.16    4.27
    4.00    5.08    5.44    4.14    3.72    5.24    5.41
    4.18    3.12    4.65    4.39    5.56    4.57    4.51
    5.51    4.79    5.23    3.93    3.63    3.48    3.32
    4.59    4.98    5.24    4.86    4.82    3.36    3.36
    5.44    5.23    5.04    3.56    4.98    4.44    4.84
    4.25    4.13    5.33    4.40    3.96    3.45    3.94
    3.42    5.18    5.06    5.53    5.36    5.11    5.17
    3.18    3.60    3.40    4.11    5.40    5.26    3.44
    4.56    4.09    3.12    4.11    5.27    5.55    4.06
    3.42    3.43    5.36    3.33    3.63    4.80    4.15
    3.27    4.49    3.51    3.34    4.35    4.49    5.51
    5.04    5.48    3.83    4.00    3.79    5.21    4.92
    3.56    4.03    3.49    5.47    5.29    4.50    4.41
    3.43    3.33    4.09    4.17    5.56    4.97    5.13
    5.09    3.70    4.66    3.42    5.37    5.21    4.03
    3.65    3.15    4.50    4.54    3.53    4.37    3.19
    4.76    4.77    3.44    5.22    4.25    3.80    4.54
    4.99    5.31    4.96    5.49    5.61    4.37    3.77
    4.15    3.38    5.35    3.46    3.43    3.74    3.17
    5.52    5.65    5.45    4.66    4.65    5.62    5.01
    3.55    4.68    5.31    5.62    5.29    4.68    4.88
    4.79    4.40    5.55    4.53    3.13    5.41    4.61
    3.79    3.60    5.68    4.36    4.61    4.10    3.57
    4.55    4.80    3.86    3.78    5.53    4.48    3.67
    5.17    3.41    5.54    4.71    3.34    3.34    3.23
    5.22    5.37    3.35    4.54    3.98    4.69    3.28
    3.67    3.68    5.00    4.83    3.80    3.76    4.26
    3.18    5.21    3.54    4.05    3.28    3.75    4.27
    3.68    5.05    3.22    3.74    4.37    5.59    5.51
    3.58    3.32    3.73    4.16    5.45    5.38    3.19
    3.66    5.10    3.48    3.77    3.81    4.04    5.07
    3.40    3.25    5.68    4.91    5.55    3.22    3.42
    5.48    5.56    4.34    4.61    5.46    3.63    3.85
    4.84    4.02    4.45    5.67    3.34    5.21    4.63
    5.41    4.25    3.95    4.66    4.43    3.76    5.15
    5.13    5.20    3.13    3.42    3.25    4.59    3.33
    4.97    4.23    4.68    3.50    3.17    4.42    5.56
    4.10    4.10    4.92    4.51    4.21    3.66    3.92
    3.65    5.66    5.12    4.03    3.83    3.30    5.23
    5.50    5.21    3.79    3.53    3.19    5.61    5.02
    4.26    4.64    4.20    4.39    4.88    4.36    4.68
    3.28    5.41    4.88    5.48    4.97    3.34    3.93
    5.09    3.71    3.99    5.69    3.56    5.37    5.26
    4.09    3.65    5.24    4.67    3.27    5.31    4.35
    4.74    3.22    5.14    4.07    3.82    3.80    4.80
    5.60    4.80    5.17    3.54    4.89    4.05    4.20
    5.45    4.74    4.95    3.98    3.65    3.56    3.12
    3.55    4.97    5.28    3.49    4.23    3.93    4.03
    4.24    3.86    3.63    3.22    5.66    3.77    4.14
    4.38    3.69    5.18    5.05    3.93    4.94    4.95
    4.52    4.98    5.01    3.50    3.28    3.32    4.70
    5.48    4.78    4.53    4.22    3.12    3.21    4.21
    4.11    3.34    3.23    5.47    3.83    4.87    3.12
    3.36    5.38    3.46    5.25    4.95    4.35    4.12
    5.62    3.14    5.45    4.08    5.57    4.52    3.59
    5.15    3.62    4.23    4.16    4.63    4.71    3.36
    4.02    4.97    3.69    3.96    4.88    5.41    5.69
    3.36    4.03    3.97    5.42    3.23    3.76    4.85
    4.57    3.46    4.10    5.10    5.47    3.26    3.63
    5.47    4.63    4.36    4.32    4.29    4.03    4.99
    3.28    4.97    3.37    5.65    5.61    4.64    3.57
    4.97    3.64    4.97    4.37    5.69    3.51    3.93
    3.22    3.27    4.36    4.58    3.22    4.47    4.72
    4.68    3.27    3.47    5.48    5.13    3.56    3.92
    5.52    3.76    3.70    4.20    5.50    3.74    4.67
    4.37    4.03    3.51    3.91    5.12    4.50    5.00
    3.48    4.08    5.14    4.02    5.08    4.15    4.09
    4.38    3.63    5.21    5.22    3.17    3.19    5.36
    4.60    3.18    5.31    3.21    3.12    3.65    5.26
    5.30    4.74    4.49    5.38    3.28    4.37    3.70
    5.47    4.41    5.42    3.62    4.53    3.99    3.95
    5.08    5.39    4.79    3.35    4.46    4.67    5.21
    3.86    4.15    3.99    4.04    4.12    4.84    3.98
    5.09    4.84    3.19    4.99    3.27    3.22    5.02
    5.67    3.52    4.66    5.11    4.52    5.64    4.32
    3.93    3.22    5.12    5.55    5.30    5.68    4.92
    3.12    3.43    3.35    4.01    5.24    5.48    5.33
    5.00    4.29    4.09    4.06    3.11    4.48    3.12
    4.18    4.12    4.67    4.66    3.60    4.23    4.67
    5.29    3.60    5.57    3.25    4.54    3.99    3.56
    4.39    3.27    3.95    4.75    5.60    4.17    4.60
    4.33    4.30    4.44    4.68    4.74    4.06    4.07
    3.67    3.52    3.79    3.81    5.54    5.26    4.59
    3.95    3.80    3.83    3.84    3.30    4.66    5.27
    4.86    4.30    3.19    4.87    3.11    3.88    5.54
    5.13    4.97    4.91    3.30    5.01    4.23    3.26
    3.46    5.10    4.86    4.64    5.15    4.46    3.45
    4.63    5.44    4.43    4.59    5.40    4.71    5.57
    3.59    4.17    4.60    3.19    4.20    4.57    3.34
    3.89    4.67    4.22    4.54    4.75    3.89    5.37
    3.40    4.91    5.03    4.00    4.45    5.11    3.98
    3.55    5.32    3.89    3.11    4.11    4.99    4.55
    4.06    4.45    5.40    4.06    4.10    3.34    3.76
    5.66    3.81    5.60    3.52    3.24    5.31    5.69
    4.04    3.94    5.50    3.51    5.53    3.73    4.72
    4.73    4.07    5.09    4.77    4.59    3.58    3.46
    5.07    4.97    4.82    3.99    4.87    4.69    4.95
    4.36    5.44    3.34    5.03    3.64    4.48    3.68
    5.67    3.27    3.47    4.59    5.06    3.11    3.39
    4.98    5.36    3.16    4.50    4.32    4.93    3.34
    4.99    5.51    5.67    4.09    3.83    3.47    4.51
    4.65    3.37    5.66    3.65    4.94    3.55    5.34
    3.83    3.23    5.15    4.01    3.49    5.44    4.49
    4.07    5.15    5.59    3.76    5.22    5.03    5.11
    4.93    3.37    5.03    5.50    3.67    5.63    4.56
    4.28    3.13    3.43    5.30    3.30    4.14    3.81
    4.41    4.94    4.23    3.75    4.46    5.64    3.42
    3.30    4.32    5.23    3.11    3.35    3.64    4.30
    5.08    3.28    3.21    3.53    4.85    5.31    4.69
    4.99    4.84    5.45    5.02    4.60    5.44    3.39
    3.93    3.86    3.55    5.32    4.25    3.18    5.35
    5.06    5.39    5.51    4.88    4.56    3.84    4.17
    4.83    3.36    3.52    3.34    4.55    4.20    3.46
    4.72    3.74    4.51    5.06    4.40    3.52    5.35
    3.11    5.69    5.56    5.26    4.94    3.22    4.78
    4.53    3.62    4.86    5.44    5.46    5.69    4.90
    4.69    5.56    4.42    3.36    3.34    5.49    4.16
    3.29    4.75    3.34    4.34    3.56    4.98    5.41
    5.51    3.27    3.13    3.87    3.61    5.22    4.57
    4.18    5.39    3.44    4.04    5.00    4.64    4.58
    4.17    3.77    3.64    4.17    5.69    4.25    3.65
    4.69    5.07    4.42    5.16    3.12    5.03    3.89
    5.46    3.38    4.59    4.31    5.52    4.48    4.18
    5.50    5.65    3.23    4.55    5.65    5.44    5.03
    3.94    3.13    4.65    5.38    4.85    3.96    3.96
    4.47    4.63    5.40    5.26    4.79    3.26    4.29
    4.38    3.19    4.45    5.19    4.27    4.98    4.52
    4.60    5.08    3.13    3.61    4.31    5.57    3.82
    5.17    4.11    3.10    5.33    4.50    4.27    3.77
    3.39    3.95    3.10    4.17    5.22    3.58    4.87
    3.74    4.74    3.71    5.56    4.34    4.20    4.70
    5.40    3.20    3.67    3.50    3.54    4.34    4.50
    3.54    3.56    4.14    4.91    4.87    5.43    3.59
    5.69    3.70    4.16    3.64    4.52    5.43    5.20
    5.44    4.98    5.31    5.26    5.36    4.39    4.49
    5.16    4.06    3.48    4.10    4.81    5.16    3.42
    5.31    4.25    5.47    3.80    5.26    5.27    3.73
    4.90    5.06    4.47    4.44    3.23    3.83    3.89
    5.23    5.55    5.51    4.88    4.33    3.46    5.18
    5.40    4.81    5.13    3.69    3.43    3.62    5.44
    5.18    4.13    4.60    4.26    3.81    3.87    5.16
    5.37    4.94    4.20    3.54    5.62    5.31    3.18
    4.50    5.40    5.40    3.90    4.22    3.58    5.09
    4.42    4.89    3.47    4.78    5.07    5.53    5.33
    5.40    4.92    5.42    4.51    5.66    3.90    3.51
    3.42    3.29    3.47    5.32    3.47    4.00    3.70
    4.69    4.47    5.21    5.23    3.73    3.95    4.39
    4.11    4.08    4.69    3.64    4.58    4.15    5.28
    4.78    4.64    5.51    3.40    5.06    3.11    3.53
    4.54    4.02    4.99    4.18    3.74    3.58    5.48
    3.34    4.83    3.47    3.28    3.37    3.26    4.82
    5.69    4.83    4.05    5.16    4.06    3.76    3.29
    4.09    3.74    4.25    5.05    4.94    4.41    3.78
    5.08    4.94    4.95    3.35    5.38    5.00    3.42
    5.13    4.27    5.43    4.04    5.61    5.65    3.29
    3.93    4.33    5.42    4.39    3.60    4.10    5.61
    4.73    3.23    4.40    4.07    4.88    5.22    5.43
    3.20    4.38    4.15    4.48    5.17    4.69    3.69
    3.36    4.09    5.46    5.61    4.96    3.80    4.55
    4.74    4.68    5.31    3.78    3.35    3.69    5.07
    3.21    4.85    4.07    4.60    5.30    4.84    3.85
    3.88    5.68    5.44    5.57    5.13    3.49    5.37
    4.63    4.64    3.64    4.26    3.18    4.95    4.78
    4.79    3.80    4.24    3.45    3.43    4.27    3.90
    5.51    4.67    4.05    4.44    4.39    3.88    5.01
    5.61    4.71    3.11    3.57    3.25    4.24    5.00
    3.84    4.58    3.46    3.24    5.65    3.26    5.66
    3.89    3.24    3.87    3.31    3.65    3.61    5.20
    4.57    4.92    3.45    3.35    5.19    4.92    4.96
    5.33    5.07    5.42    5.25    4.10    5.06    3.94
    5.45    4.16    5.32    4.18    3.91    4.53